756519330311
756519330175
756519330342
756519330335
756519330359
756519330366
756519330373
756519330397
756519330199
756519330205
756519330229
756519330236
756519330243
756519330267
756519330250
756519330281
756519330274
756519330304
756519330298
756519330328
756519330410
756519330403
756519330427
756519330212
756519330458
756519330441
756519330434
756519330472
756519330465
756519330489
756519330496
756519330502
756519330519
756519330526
756519330533
756519330595
756519330588
756519330571
756519330564
756519330557
756519330540
756519330618
756519330601
756519330625
756519330632
756519330649
756519330656
756519330663
756519330670
756519330687
756519330694
756519330700
756519330717
756519330724
756519330748
756519330755
756519330762
756519330786
756519330779
756519330793
756519330809
756519330816
756519330823
753677503496
753677503489
753677503472
753677503465
753677503458
753677503441
753677503434
753677503427
753677503410
753677503403
753677503380
753677503373
753677503366
753677503359
753677503250
753677503243
753677503236
753677503229
753677503212
753677503205
753677503342
753677503335
753677503328
753677503311
753677503304
753677503298
753677503281
753677503274
753677503267
753677503199
753677503182
753677503175
753677503168
753677503151
753677503144
753677503137
753677503120
753677503113
753677503106
753677503090
753677503083
753677503076
753677503069
753677503052
753677503045
753677503038
753677503021
753677503014
753677503007
753677502994
753677502987
753677502970
753677502963
753677502956
753677502949
753677502932
753677502925
753677502918
753677502901
753677502840
753677502833
753677502826
753677502819
753677502802
753677502772
753677502765
753677502758
753677502741
753677502642
753677502598
753677502888
753677502871
753677502864
753677502857
753677502581
753677502574
753677502567
753677502550
753677502543
753677502536
753677502529
753677502505
753677502499
753677502482
753677502475
753677502468
753677502451
753677502444
753677502437
753677502420
753677502413
753677502390
753677502383
753677502376
753677502345
753677502338
753677502321
753677502314
753677502307
753677502291
753677502284
753677502277
753677502260
753677502253
753677502246
753677502239
753677502222
753677502215
753677502208
753677502192
753677502185
753677502178
753677502161
753677502154
753677502147
753677502130
753677501942
753677502116
753677502109
753677502093
753677502086
753677502048
753677502031
753677502024
753677502017
753677501997
753677501980
753677501973
753677501966
753677501959
753677501935
753677501928
753677501911
753677501898
753677501881
753677501874
753677501867
753677501850
753677501843
753677501836
753677501829
753677501812
753677501805
753677501799
753677501782
753677501775
753677501768
753677501751
753677501744
753677501737
753677501720
753677501713
753677501706
753677501690
753677501683
753677501676
753677501652
753677501645
753677501638
753677501522
753677501515
753677501508
753677501492
753677501485
753677501478
753677501621
753677501614
753677501591
753677501584
753677501560
753677501553
753677501546
753677501539
753677501461
753677501454
753677501430
753677501423
753677501416
753677501409
753677501393
753677501386
753677501379
753677501362
753677501355
753677501348
753677501331
753677501324
753677501317
753677501300
753677501294
753677501287
753677501270
753677501263
753677501256
753677501249
753677501232
753677501225
753677501218
753677501201
753677501195
753677501188
753677501171
753677501164
753677501119
753677501102
753677501096
753677501089
753677501072
753677501065
753677501058
753677501041
753677501034
752423897476
752423897469
753677501157
753677501140
753677501133
753677501126
752423897452
752423897445
752423897438
752423897421
752423897414
752423897407
752423897391
752423897384
752423897377
752423897360
752423897353
752423897346
752423897339
752423897322
752423897315
752423897308
752423897292
752423897285
752423897278
752423897261
752423897254
752423897223
752423897216
752423897209
752423897193
752423897162
752423897155
752423897148
752423897131
752423897124
752423897117
752423897100
752423897094
752423897087
752423897070
752423897063
752423897056
752423897049
752423897032
752423897025
752423897018
752423897001
752423896998
752423896844
756519329230
756519329223
756519329216
756519329209
756519329193
756519329186
756519329179
756519329162
756519329155
756519329148
756519329131
756519329124
753677503526
753677503519
753677503502
752423896981
752423896974
752423896967
752423896950
752423896943
752423896929
752423896912
752423896905
752423896899
752423896882
752423896868
752423896837
752423896820
752423896813
752423896806
752423896790
752423896783
700261810324
700261806310
700261806303
700261806297
700261806129
700261803340
753677502734
753677502727
753677502710
753677502703
753677502697
753677502680
753677502673
753677502666
753677502659
885767149922
885767149915
885767177345
885767177338
885767164543
885767160712
885767158177
885767155190
885767154049
885767154032
885767152267
885767152250
885767152243
885767149939
885767138971
885767136748
885767135031
885767135024
885767135017
885767135000
885767128590
885767126121
885767124011
885767122093
885767122086
885767117570
885767117556
885767115453
885767115446
885767113596
885767113589
885767113572
885767113565
885767090583
885767090514
791090428279
791090428262
791090428255
791090428248
791090428231
791090428224
791090428217
791090428200
791090428125
791090428118
791090428101
791090428095
791090428088
791090428071
791090428064
791090428057
791090428194
791090428187
791090428170
791090428163
791090428156
791090428149
791090428132
791090428040
791090428033
791090428026
791090428019
791090428002
791090427999
791090427982
791090427975
791090427968
791090427951
791090427944
791090427937
791090427920
791090427913
791090427906
791090427890
791090427883
791090427876
791090427869
791090427852
791090427845
791090427838
791090427821
791090427814
791090427807
791090427791
791090427784
791090427777
791090427760
791090427753
791090427715
791090427708
791090427692
791090427685
791090427678
791090427661
791090427654
791090427647
791090427630
791090427623
791090427616
791090427593
791090427746
791090427739
791090427586
791090427579
791090427562
791090427555
791090427548
791090427531
791090427524
791090427517
791090427500
791090427494
791090427487
791090427470
791090427463
791090427456
791090427449
791090427432
791090427425
791090427418
791090427401
791090427395
791090427388
791090427371
791090427364
791090427340
791090427326
791090427319
791090427302
791090427296
791090427289
756519330182
756519330168
756519330151
756519330144
756519330137
756519330120
756519330113
756519330106
756519330090
756519330083
756519330076
756519330069
756519330052
756519330045
756519330038
756519330021
756519329896
756519329889
756519329872
756519330014
756519330007
756519329995
756519329971
756519329964
756519329957
756519329940
756519329933
756519329926
756519329919
756519329902
756519329865
756519329858
756519329841
756519329834
756519329827
756519329810
756519329803
756519329797
756519329773
756519329766
756519329759
756519329742
756519329735
756519329728
756519329711
756519329704
756519329698
756519329681
756519329674
756519329667
756519329650
756519329643
756519329636
756519329629
756519329612
756519329605
756519329599
756519329582
756519329575
756519329551
756519329469
756519329452
756519329445
756519329438
756519329421
756519329414
756519329407
756519329391
756519329780
791090427357
756519329568
753677502796
753677502789
753677502635
753677502628
791090427333
753677501577
885767126138
885767164550
753677502062
756519329537
756519329520
756519329513
756519329506
756519329490
756519329483
756519329476
756519329384
756519329377
756519329360
756519329353
756519329346
756519329339
756519329322
756519329315
756519329308
756519329292
756519329285
756519329278
756519329261
756519329254
756519329247
756519330830
756519330847
756519330854
756519330861
756519330878
756519330885
756519330731
756519330908
756519330915
756519330922
756519330939
756519330946
756519330892
756519330953
756519330960
756519330977
756519330984
756519330991
756519331004
756519331011
756519331028
756519331035
756519331042
756519331059
756519331066
756519331073
756519331080
756519331097
756519331103
756519331110
756519331127
756519331134
756519331141
756519331158
756519331165
756519331172
756519331189
756519331202
756519331219
756519331226
756519331233
756519331240
756519331257
756519331264
756519331271
756519331295
756519331301
756519331325
756519331332
756519331349
756519331356
756519331363
756519331370
756519331387
756519331394
756519331400
756519331424
756519331417
756519331431
756519331455
756519331462
756519331479
756519331486
756519331493
756519331509
756519331516
756519331523
756519331547
756519331554
756519331561
756519331585
756519331615
756519331608
756519331639
756519331646
756519331653
756519331660
756519331677
756519331684
756519331707
756519331714
756519331721
756519331738
756519331745
756519331769
756519331776
756519331783
756519331790
756519331806
756519331813
756519331820
756519331837
756519331851
756519331875
756519331882
756519331905
756519331912
756519331929
756519331936
756519331950
756519331967
756519331943
756519331974
756519331981
756519331998
756519332001
756519332018
756519332025
756519332032
756519332049
756519332063
756519332070
756519332087
756519332094
756519332100
756519332117
756519332124
756519332131
756519332148
756519332155
756519332162
756519332179
756519332186
756519332193
756519332209
756519332216
756519332223
756519332247
756519332230
756519332254
756519332261
756519332278
756519332292
756519332285
756519332308
756519332315
756519332322
756519332339
756519332346
756519332353
756519332360
756519332377
756519332391
756519332407
756519332384
756519332421
756519332414
756519332438
756519332445
756519332452
756519332469
756519332476
756519332483
756519332490
756519332520
756519332513
756519332506
756519332537
756519332544
756519332551
756519332568
756519332575
756519332582
756519332599
756519332605
756519332612
756519332629
756519332636
756519332643
756519332650
756519332667
756519332674
756519332681
756519332698
756519332704
756519332711
756519332728
756519332735
756519332742
756519332766
756519332773
756519332780
756519332797
756519332803
756519332810
756519332827
756519332834
756519332841
756519332858
756519332865
756519332872
756519332889
756519332896
756519332902
756519332919
756519332926
756519332933
756519332940
756519332957
756519332971
756519332964
756519332995
756519333008
756519332988
756519333015
756519333022
756519333039
756519333046
756519333053
756519333060
756519333077
756519333084
756519333091
756519333107
756519333114
756519333121
756519333138
756519333145
756519333152
756519333169
756519333176
756519333183
756519333190
756519333206
756519333213
756519333220
756519333237
756519333244
756519333251
756519333268
756519333275
756519333282
756519333299
756519333305
756519333312
756519333329
756519333336
756519333343
756519333350
756519333367
756519333374
756519333398
756519333404
756519333411
756519333428
756519333435
756519333442
756519333459
756519333466
756519333473
756519333480
756519333497
756519333503
756519333510
756519333527
756519333534
756519333558
756519333541
756519333565
756519333596
756519333589
756519333602
756519333619
756519333626
756519333633
756519333640
756519333657
756519333664
756519333671
756519333688
756519333718
756519333725
756519333732
756519333749
756519333756
756519333763
756519333770
756519333787
756519333794
756519333800
756519333817
756519333824
756519333831
756519333848
756519333855
756519333862
756519333879
756519333886
756519333893
756519333909
756519333916
756519333923
756519333930
756519333961
756519333978
756519333992
756519334005
756519333985
756519333947
756519333954
756519334012
756519334029
756519334036
756519334043
756519334067
756519334050
756519334074
756519334081
756519334098
756519334104
756519334111
752423897483
752423897490
752423897506
752423897513
752423897520
752423897537
752423897544
752423897551
752423897568
752423897575
752423897582
752423897605
752423897612
752423897629
752423897599
752423897636
752423897643
752423897650
752423897667
752423897674
752423897681
752423897698
752423897704
752423897711
752423897728
752423897735
752423897742
752423897759
752423897766
752423897773
713152101708
713152101715
713152101722
713152101739
713152101746
713152101753
713152101760
713152101777
713152101784
713152101791
713152101814
713152101821
713152101838
713152101845
713152101852
713152101869
713152101876
713152101883
713152101906
713152101890
713152101913
713152101920
713152101937
713152101944
713152101951
713152101968
713152101975
713152101982
713152101999
713152102002
713152102019
713152102026
713152102033
713152102040
713152102057
713152102064
713152102071
713152102088
713152102095
713152102101
713152102118
713152102125
713152102132
713152102149
713152102156
713152102163
713152102170
713152102187
713152102194
713152102200
713152102217
713152102224
713152102231
713152102248
713152102255
713152102262
713152102279
713152102286
713152102293
713152102309
713152102316
713152102323
713152102330
713152102347
713152102354
713152102361
713152102378
713152102385
713152102392
713152102408
713152102415
713152102422
713152102439
713152102446
713152102453
713152102460
713152102477
713152102484
713152102491
713152102507
713152102514
713152102521
713152102538
713152102545
713152102569
713152102552
713152102576
713152102583
713152102606
713152102613
713152102620
713152102637
713152102590
713152102644
713152102651
713152102668
713152102682
713152102699
713152102705
713152102712
713152102729
713152102736
713152102743
713152102750
713152102767
713152102774
713152102781
713152102798
713152102804
713152102811
713152102828
713152102835
713152102842
713152102859
713152102866
713152102873
713152102880
713152102897
713152102903
713152102910
713152102927
713152102934
713152102941
713152102958
713152102965
713152102972
713152102989
713152102996
713152103009
713152103016
713152103023
713152103030
713152103047
713152103054
713152103061
713152103078
713152103085
713152103115
713152103108
713152103122
713152103139
713152103146
713152103153
713152103160
713152103092
713152103177
713152103184
713152103191
713152103207
713152103214
713152103221
713152103238
713152103245
713152103252
713152103269
713152103276
713152103283
713152103290
713152103306
713152103313
713152103320
713152103337
713152103344
713152103351
713152103368
713152103375
713152103382
713152103399
713152103405
713152103412
713152103429
713152103436
713152103443
713152103450
713152103467
713152103474
713152103481
713152103498
713152103504
713152103511
713152103528
713152103535
713152103566
713152103580
713152103597
713152103603
713152103573
713152103610
713152103542
713152103627
713152103634
713152103641
713152103665
713152103672
713152103689
713152103658
713152103696
713152103702
713152103719
713152103726
713152103733
713152103740
713152103757
713152103764
713152103771
713152103788
713152103801
713152103818
713152103825
713152103832
713152103849
713152103856
713152103863
713152103870
713152103887
713152103894
713152103900
713152103917
713152103924
713152103931
713152103948
713152103955
713152103986
713152103993
713152104013
713152104020
713152104037
713152104044
713152104051
713152104068
713152104075
713152104082
713152104099
713152104105
713152104112
713152104150
713152104129
713152103795
713152103962
713152104006
713152104136
713152104143
713152104167
713152104174
713152104204
713152104211
713152104198
713152104228
713152104235
713152104181
713152104242
713152104259
713152104266
713152104273
713152104280
713152104297
713152104303
713152104310
713152104327
713152104334
713152104341
713152104358
713152104365
713152104372
713152104389
713152104396
713152104402
713152104419
713152104426
713152104433
713152104457
713152104464
713152104471
713152104488
713152104495
713152104501
713152104440
713152104518
713152104525
713152104549
713152104532
713152104556
713152104563
713152104570
713152104587
713152104594
713152104617
713152104624
713152104631
713152104648
713152104655
713152104662
713152104679
713152104686
713152104600
713152104693
713152104709
713152104716
713152104723
713152104730
713152104754
713152104761
713152104778
713152104785
713152104808
713152104815
713152104822
713152104839
713152104846
713152104853
713152104860
713152104877
713152104884
713152104891
713152104907
713152104921
713152104938
713152104945
713152104969
713152104914
713152104983
713152104976
713152104990
713152105003
713152105010
713152105027
713152104952
713152105034
713152105041
713152105058
713152105065
713152105089
713152105096
713152105072
713152105102
713152105119
713152105133
713152105126
713152105140
713152105157
713152105164
713152105171
713152105195
713152105201
713152105218
713152105225
713152105232
713152105249
713152105256
713152105188
713152105263
713152105270
713152105287
713152105294
713152105300
713152105317
713152105324
713152105331
713152105348
713152105355
713152105362
713152105379
713152105393
713152105409
713152105386
713152105416
713152105423
713152105430
713152105447
713152105454
713152105461
713152105478
713152105485
713152105508
713152105515
713152105522
713152105492
713152105539
713152105546
713152105553
713152105560
713152105577
713152105584
713152105591
713152105607
713152105614
713152105621
713152105638
713152105645
713152105652
713152105669
713152105676
713152105683
713152105690
713152105706
713152105713
713152105720
713152105744
713152105768
713152105775
713152105782
713152105737
713152105805
