3232361
3232345
3232364
3232363
3232365
3232366
3232367
3232369
3232348
3232349
3232351
3232352
3232353
3232355
3232354
3232357
3232356
3232360
3232358
3232362
3232372
3232371
3232373
3232350
3232376
3232375
3232374
3232378
3232377
3232379
3232381
3232382
3232384
3232385
3232386
3232392
3232391
3232390
3232389
3232388
3232387
3232394
3232393
3232395
3232396
3232397
3232398
3232399
3232400
3232401
3232402
3232404
3232405
3232406
3232408
3232409
3232410
3232412
3232411
3232413
3232414
3232415
3232416
3232229
3232228
3232227
3232226
3232225
3232224
3232223
3232222
3232221
3232220
3232219
3232218
3232217
3232216
3232204
3232203
3232202
3232201
3232200
3232199
3232215
3232214
3232213
3232212
3232210
3232209
3232208
3232207
3232205
3232198
3232197
3232196
3232195
3232194
3232193
3232192
3232191
3232190
3232189
3232188
3232187
3232186
3232185
3232184
3232183
3232182
3232181
3232180
3232179
3232178
3232176
3232175
3232174
3232173
3232172
3232171
3232170
3232169
3232168
3232163
3232162
3232160
3232159
3232158
3232155
3232154
3232153
3232152
3232142
3232139
3232167
3232166
3232165
3232164
3232138
3232137
3232136
3232135
3232134
3232133
3232132
3232130
3232129
3232128
3232127
3232126
3232125
3232124
3232123
3232122
3232121
3232120
3232119
3232118
3232114
3232113
3232112
3232111
3232109
3232108
3232107
3232106
3232105
3232104
3232103
3232102
3232101
3232100
3232099
3232098
3232097
3232096
3232095
3232094
3232093
3232092
3232076
3232091
3232090
3232089
3232088
3232086
3232085
3232084
3232083
3232081
3232080
3232079
3232078
3232077
3232075
3232074
3232073
3232071
3232070
3232069
3232068
3232066
3232065
3232064
3232062
3232061
3232060
3232059
3232058
3232057
3232056
3232055
3232054
3232053
3232052
3232051
3232050
3232049
3232048
3232046
3232044
3232043
3232042
3232031
3232030
3232029
3232028
3232027
3232026
3232041
3232040
3232038
3232037
3232035
3232034
3232033
3232032
3232025
3232024
3232023
3232022
3232021
3232020
3232019
3232018
3232017
3232016
3232015
3232014
3232013
3232012
3232011
3232010
3232009
3232008
3232007
3232006
3232005
3232004
3232003
3232002
3232001
3232000
3231999
3231998
3231997
3231996
3231990
3231989
3231988
3231987
3231986
3231985
3231983
3231982
3231981
3231949
3231948
3231994
3231993
3231992
3231991
3231947
3231946
3231945
3231944
3231943
3231942
3231941
3231940
3231939
3231938
3231937
3231936
3231935
3231934
3231933
3231932
3231930
3231929
3231928
3231927
3231926
3231925
3231923
3231922
3231921
3231918
3231917
3231916
3231915
3231914
3231913
3231912
3231911
3231910
3231909
3231908
3231907
3231906
3231905
3231904
3231903
3231902
3231901
3231886
3232244
3232243
3232242
3232241
3232240
3232239
3232238
3232237
3232236
3232235
3232234
3232233
3232232
3232231
3232230
3231900
3231899
3231898
3231896
3231894
3231892
3231891
3231890
3231889
3231888
3231887
3231885
3231884
3231883
3231881
3231880
3231879
3229190
3229189
3229188
3229187
3229186
3229185
3232151
3232150
3232149
3232148
3232147
3232146
3232145
3232144
3232143
3232881
3232880
3232895
3232894
3232892
3232890
3232889
3232888
3232887
3232886
3232885
3232884
3232883
3232882
3232878
3232877
3232876
3232875
3232874
3232873
3232871
3232869
3232868
3232867
3232866
3232865
3232864
3232863
3232862
3232861
3232860
3232859
3232857
3232855
3232854
3232853
3232852
3232851
3232850
3232849
3232848
3232847
3232846
3232838
3232837
3232836
3232835
3232834
3232833
3232832
3232831
3232845
3232844
3232843
3232842
3232841
3232840
3232839
3232830
3232829
3232828
3232827
3232826
3232825
3232824
3232823
3232822
3232821
3232819
3232818
3232817
3232816
3232815
3232814
3232813
3232812
3232811
3232810
3232809
3232808
3232807
3232806
3232805
3232804
3232803
3232802
3232801
3232798
3232797
3232796
3232795
3232794
3232793
3232791
3232790
3232789
3232788
3232787
3232786
3232800
3232799
3232785
3232784
3232783
3232782
3232781
3232780
3232779
3232778
3232777
3232776
3232775
3232774
3232773
3232772
3232771
3232770
3232768
3232767
3232766
3232765
3232764
3232763
3232762
3232760
3232758
3232757
3232756
3232755
3232754
3232347
3232344
3232343
3232342
3232341
3232340
3232339
3232338
3232337
3232336
3232334
3232332
3232331
3232330
3232329
3232328
3232312
3232311
3232310
3232326
3232325
3232324
3232322
3232321
3232320
3232319
3232316
3232315
3232314
3232313
3232309
3232306
3232305
3232304
3232303
3232302
3232301
3232300
3232298
3232297
3232296
3232295
3232294
3232293
3232292
3232291
3232290
3232289
3232288
3232287
3232286
3232285
3232284
3232283
3232282
3232281
3232280
3232279
3232278
3232275
3232267
3232266
3232265
3232264
3232263
3232262
3232261
3232260
3232299
3232761
3232277
3232157
3232156
3232141
3232140
3232759
3232036
3232870
3232893
3232087
3232274
3232273
3232272
3232271
3232270
3232269
3232268
3232259
3232258
3232257
3232256
3232255
3232254
3232253
3232252
3232251
3232250
3232249
3232248
3232247
3232246
3232245
3232417
3232418
3232419
3232420
3232421
3232422
3232407
3232425
3232426
3232427
3232428
3232430
3232424
3232431
3232432
3232433
3232434
3232435
3232436
3232437
3232438
3232439
3232440
3232441
3232442
3232443
3232444
3232445
3232446
3232447
3232448
3232449
3232450
3232451
3232452
3232453
3232454
3232456
3232457
3232458
3232459
3232460
3232461
3232462
3232463
3232465
3232466
3232468
3232469
3232470
3232471
3232472
3232473
3232474
3232475
3232476
3232478
3232477
3232479
3232480
3232481
3232482
3232483
3232484
3232485
3232486
3232487
3232489
3232490
3232491
3232493
3232496
3232495
3232498
3232499
3232500
3232503
3232504
3232505
3232506
3232507
3232508
3232509
3232510
3232512
3232513
3232514
3232515
3232516
3232517
3232518
3232519
3232521
3232524
3232525
3232527
3232528
3232529
3232530
3232532
3232533
3232531
3232534
3232535
3232537
3232538
3232539
3232540
3232541
3232542
3232544
3232545
3232546
3232547
3232548
3232549
3232550
3232551
3232552
3232553
3232554
3232556
3232557
3232558
3232559
3232560
3232561
3232563
3232562
3232564
3232565
3232566
3232569
3232567
3232570
3232571
3232572
3232573
3232574
3232575
3232576
3232577
3232579
3232580
3232578
3232582
3232581
3232583
3232584
3232586
3232587
3232588
3232589
3232590
3232593
3232592
3232591
3232594
3232595
3232596
3232597
3232598
3232599
3232600
3232601
3232602
3232603
3232604
3232606
3232607
3232608
3232609
3232610
3232611
3232612
3232613
3232614
3232615
3232616
3232617
3232618
3232619
3232620
3232621
3232622
3232623
3232624
3232625
3232626
3232627
3232628
3232629
3232630
3232631
3232632
3232634
3232635
3232636
3232637
3232639
3232638
3232642
3232643
3232641
3232644
3232645
3232646
3232647
3232648
3232649
3232650
3232651
3232652
3232653
3232654
3232655
3232656
3232657
3232659
3232661
3232662
3232663
3232664
3232665
3232666
3232667
3232668
3232669
3232670
3232671
3232672
3232673
3232674
3232675
3232676
3232677
3232678
3232679
3232680
3232681
3232682
3232683
3232684
3232685
3232686
3232687
3232688
3232689
3232690
3232691
3232692
3232693
3232694
3232695
3232696
3232697
3232699
3232698
3232700
3232702
3232701
3232703
3232704
3232705
3232706
3232707
3232708
3232709
3232710
3232711
3232712
3232713
3232714
3232715
3232716
3232717
3232718
3232720
3232721
3232722
3232723
3232724
3232725
3232726
3232727
3232728
3232729
3232730
3232731
3232732
3232733
3232734
3232735
3232738
3232739
3232741
3232742
3232740
3232736
3232737
3232743
3232744
3232745
3232746
3232748
3232747
3232749
3232750
3232751
3232752
3232753
3231950
3231951
3231952
3231953
3231954
3231955
3231956
3231957
3231958
3231960
3231961
3231963
3231964
3231965
3231962
3231966
3231967
3231968
3231969
3231970
3231971
3231972
3231973
3231974
3231975
3231976
3231977
3231978
3231979
3231980
3229191
3229192
3229193
3229194
3229195
3229196
3229197
3229198
3229199
3229200
3229202
3229203
3229204
3229205
3229206
3229207
3229208
3229209
3229211
3229210
3229212
3229213
3229214
3229215
3229216
3229217
3229218
3229219
3229220
3229221
3229222
3229223
3229224
3229225
3229226
3229227
3229228
3229229
3229231
3229232
3229233
3229234
3229235
3229236
3229237
3229239
3229240
3229241
3229242
3229243
3229244
3229245
3229246
3229247
3229248
3229249
3229250
3229251
3229252
3229253
3229254
3229255
3229256
3229257
3229258
3229259
3229260
3229261
3229262
3229263
3229264
3229265
3229266
3229267
3229268
3229269
3229270
3229271
3229272
3229273
3229274
3229276
3229277
3229278
3229280
3229279
3229281
3229282
3229284
3229285
3229286
3229287
3229283
3229288
3229289
3229290
3229291
3229292
3229293
3229294
3229295
3229296
3229297
3229299
3229300
3229302
3229303
3229304
3229305
3229307
3229308
3229309
3229310
3229311
3229312
3229313
3229314
3229315
3229316
3229317
3229318
3229319
3229320
3229321
3229322
3229323
3229324
3229325
3229326
3229327
3229328
3229329
3229330
3229675
3229677
3229678
3229679
3229682
3229681
3229683
3229684
3229685
3229686
3229687
3229680
3229688
3229689
3229690
3229691
3229692
3229693
3229694
3229695
3229696
3229698
3229699
3229700
3229701
3229702
3229703
3229704
3229705
3229707
3229708
3229709
3229710
3229711
3229712
3229713
3229714
3229715
3229716
3229717
3229718
3229719
3229720
3229721
3229722
3229723
3229724
3229725
3229726
3229728
3229730
3229731
3229732
3229729
3229733
3229727
3229734
3229735
3229737
3229739
3229740
3229741
3229738
3229742
3229743
3229744
3229745
3229746
3229747
3229748
3229749
3229750
3229751
3229753
3229754
3229755
3229756
3229757
3229758
3229759
3229760
3229761
3229762
3229763
3229764
3229765
3229766
3229767
3229768
3229771
3229772
3229774
3229775
3229776
3229777
3229778
3229779
3229780
3229781
3229782
3229783
3229784
3229788
3229785
3229752
3229769
3229773
3229786
3229787
3229789
3229790
3229793
3229794
3229792
3229795
3229796
3229791
3229797
3229798
3229799
3229800
3229801
3229802
3229803
3229804
3229805
3229806
3229807
3229808
3229809
3229810
3229811
3229812
3229813
3229814
3229815
3229816
3229818
3229819
3229820
3229821
3229822
3229823
3229817
3229824
3229825
3229827
3229826
3229828
3229829
3229830
3229831
3229832
3229834
3229835
3229836
3229837
3229838
3229839
3229840
3229841
3229833
3229842
3229843
3229845
3229846
3229847
3229848
3229849
3229850
3229851
3229852
3229853
3229854
3229855
3229856
3229857
3229858
3229859
3229860
3229861
3229863
3229865
3229866
3229868
3229862
3229870
3229869
3229871
3229872
3229873
3229874
3229867
3229875
3229876
3229877
3229878
3229881
3229882
3229879
3229883
3229884
3229886
3229885
3229887
3229888
3229889
3229890
3229892
3229893
3229894
3229895
3229896
3229897
3229898
3229891
3229899
3229900
3229901
3229903
3229904
3229905
3229907
3229908
3229909
3229910
3229911
3229912
3229914
3229915
3229913
3229916
3229917
3229918
3229919
3229920
3229921
3229922
3229923
3229925
3229926
3229927
3229924
3229928
3229929
3229930
3229931
3229932
3229933
3229934
3229935
3229936
3229937
3229938
3229939
3229940
3229941
3229942
3229943
3229944
3229945
3229946
3229947
3229949
3229952
3229953
3229954
3229948
3229956
